89
350
27
42
59
77
80
115
147
131
131
131
131
131
131
131
131
131
131
448
263
34
48
61
50
91
115
129
129
129
129
129
129
129
129
129
129
16
28
42
55
48
85
109
123
123
123
123
123
123
123
123
123
123
71
50
28
42
49
94
73
73
73
73
73
73
73
73
73
73
26
27
36
57
105
95
95
95
95
95
95
95
95
95
95
59
114
56
88
81
81
81
81
81
81
81
81
81
81
71
75
70
93
93
93
93
93
93
93
93
93
93
92
51
74
74
74
74
74
74
74
74
74
74
64
55
55
55
55
55
55
55
55
55
55
65
65
65
65
65
65
65
65
65
65
87
338
27
42
58
75
77
111
139
124
124
124
124
124
124
124
124
124
124
433
260
34
47
60
75
88
109
122
122
122
122
122
122
122
122
122
122
16
28
41
54
45
82
103
116
116
116
116
116
116
116
116
116
116
67
49
27
117
46
88
66
66
66
66
66
66
66
66
66
66
61
57
93
127
97
88
88
88
88
88
88
88
88
88
88
55
105
129
81
75
75
75
75
75
75
75
75
75
75
65
132
64
86
86
86
86
86
86
86
86
86
86
67
47
69
69
69
69
69
69
69
69
69
69
59
34
34
34
34
34
34
34
34
34
34
63
63
63
63
63
63
63
63
63
63
86
329
26
40
54
69
70
100
126
113
113
113
113
113
113
113
113
113
113
443
242
33
44
56
68
79
100
111
111
111
111
111
111
111
111
111
111
15
11
38
50
38
44
94
62
62
62
62
62
62
62
62
62
62
64
44
72
105
38
79
56
56
56
56
56
56
56
56
56
56
65
51
84
60
86
51
51
51
51
51
51
51
51
51
51
47
92
46
72
67
67
67
67
67
67
67
67
67
67
59
94
57
55
55
55
55
55
55
55
55
55
55
31
43
61
61
61
61
61
61
61
61
61
61
50
44
44
44
44
44
44
44
44
44
44
103
103
103
103
103
103
103
103
103
103
82
315
259
37
49
63
72
87
109
121
121
121
121
121
121
121
121
121
121
413
227
31
45
59
68
83
105
94
94
94
94
94
94
94
94
94
94
15
26
39
53
62
77
99
89
89
89
89
89
89
89
89
89
89
59
39
66
92
62
84
96
96
96
96
96
96
96
96
96
96
21
48
74
50
72
84
84
84
84
84
84
84
84
84
84
78
99
38
60
72
72
72
72
72
72
72
72
72
72
47
54
46
58
58
58
58
58
58
58
58
58
58
28
37
49
49
49
49
49
49
49
49
49
49
44
34
34
34
34
34
34
34
34
34
34
93
93
93
93
93
93
93
93
93
93
81
303
249
37
79
62
71
84
103
113
113
113
113
113
113
113
113
113
113
412
217
31
71
52
67
80
99
109
109
109
109
109
109
109
109
109
109
15
26
18
52
61
74
93
103
103
103
103
103
103
103
103
103
103
56
38
65
88
59
78
88
88
88
88
88
88
88
88
88
88
20
47
70
47
66
76
76
76
76
76
76
76
76
76
76
75
95
36
55
65
65
65
65
65
65
65
65
65
65
45
72
41
51
51
51
51
51
51
51
51
51
51
13
32
42
42
42
42
42
42
42
42
42
42
44
29
29
29
29
29
29
29
29
29
29
88
88
88
88
88
88
88
88
88
88
76
506
242
115
75
58
67
79
96
104
104
104
104
104
104
104
104
104
104
397
211
109
67
54
63
75
92
100
100
100
100
100
100
100
100
100
100
40
90
58
48
57
69
86
94
94
94
94
94
94
94
94
94
94
50
94
63
86
108
73
81
81
81
81
81
81
81
81
81
81
20
47
70
46
63
71
71
71
71
71
71
71
71
71
71
69
75
35
52
60
60
60
60
60
60
60
60
60
60
42
45
38
46
46
46
46
46
46
46
46
46
46
22
29
37
37
37
37
37
37
37
37
37
37
36
25
25
25
25
25
25
25
25
25
25
77
77
77
77
77
77
77
77
77
77
