96
284
28
42
58
76
51
114
147
131
131
131
131
131
131
131
131
131
131
431
278
38
48
61
50
56
115
129
129
129
129
129
129
129
129
129
129
17
31
42
55
48
54
109
123
123
123
123
123
123
123
123
123
123
68
49
83
126
47
93
72
72
72
72
72
72
72
72
72
72
26
60
103
72
105
94
94
94
94
94
94
94
94
94
94
58
116
56
89
112
112
112
112
112
112
112
112
112
112
74
77
71
94
94
94
94
94
94
94
94
94
94
90
51
74
74
74
74
74
74
74
74
74
74
67
148
148
148
148
148
148
148
148
148
148
83
83
83
83
83
83
83
83
83
83
94
278
48
71
96
74
91
109
138
123
123
123
123
123
123
123
123
123
123
417
274
63
88
60
46
105
108
121
121
121
121
121
121
121
121
121
121
17
31
41
54
44
98
102
115
115
115
115
115
115
115
115
115
115
63
48
79
117
150
86
64
64
64
64
64
64
64
64
64
64
72
56
94
127
96
86
86
86
86
86
86
86
86
86
86
54
106
129
81
103
103
103
103
103
103
103
103
103
103
73
108
64
86
86
86
86
86
86
86
86
86
86
33
47
69
69
69
69
69
69
69
69
69
69
61
137
137
137
137
137
137
137
137
137
137
79
79
79
79
79
79
79
79
79
79
69
272
46
66
90
117
84
101
128
114
114
114
114
114
114
114
114
114
114
412
256
72
82
109
145
97
124
112
112
112
112
112
112
112
112
112
112
16
29
70
58
39
90
117
106
106
106
106
106
106
106
106
106
106
60
44
96
138
138
101
56
56
56
56
56
56
56
56
56
56
70
68
110
118
88
78
78
78
78
78
78
78
78
78
78
46
94
94
74
91
91
91
91
91
91
91
91
91
91
66
97
59
76
76
76
76
76
76
76
76
76
76
31
59
61
61
61
61
61
61
61
61
61
61
59
111
111
111
111
111
111
111
111
111
111
103
103
103
103
103
103
103
103
103
103
88
259
26
37
82
108
73
88
111
122
122
122
122
122
122
122
122
122
122
395
240
33
74
100
69
84
107
118
118
118
118
118
118
118
118
118
118
16
27
64
53
63
78
101
112
112
112
112
112
112
112
112
112
112
55
38
88
93
121
85
96
96
96
96
96
96
96
96
96
96
21
63
76
104
74
85
85
85
85
85
85
85
85
85
85
52
102
83
62
73
73
73
73
73
73
73
73
73
73
54
57
48
59
59
59
59
59
59
59
59
59
59
28
38
49
49
49
49
49
49
49
49
49
49
46
34
34
34
34
34
34
34
34
34
34
93
93
93
93
93
93
93
93
93
93
87
249
25
36
78
104
71
84
104
113
113
113
113
113
113
113
113
113
113
366
228
31
70
96
67
80
100
109
109
109
109
109
109
109
109
109
109
15
26
37
51
61
74
94
103
103
103
103
103
103
103
103
103
103
53
37
87
89
112
79
88
88
88
88
88
88
88
88
88
88
58
62
93
95
68
77
77
77
77
77
77
77
77
77
77
73
98
75
57
66
66
66
66
66
66
66
66
66
66
48
49
43
52
52
52
52
52
52
52
52
52
52
23
33
42
42
42
42
42
42
42
42
42
42
46
29
29
29
29
29
29
29
29
29
29
88
88
88
88
88
88
88
88
88
88
83
238
254
119
75
101
127
80
97
104
104
104
104
104
104
104
104
104
104
352
221
105
67
93
119
76
93
100
100
100
100
100
100
100
100
100
100
13
86
58
84
110
70
87
94
94
94
94
94
94
94
94
94
94
52
97
85
116
110
74
81
81
81
81
81
81
81
81
81
81
59
62
93
94
64
71
71
71
71
71
71
71
71
71
71
60
77
74
53
60
60
60
60
60
60
60
60
60
60
45
48
39
46
46
46
46
46
46
46
46
46
46
22
29
36
36
36
36
36
36
36
36
36
36
37
24
24
24
24
24
24
24
24
24
24
77
77
77
77
77
77
77
77
77
77
