49
192
209
240
103
161
126
311
221
182
206
215
223
164
164
164
233
234
234
176
180
220
96
154
123
375
218
179
203
212
158
161
161
161
230
231
231
101
161
86
144
115
364
210
176
200
209
155
158
158
158
227
228
228
89
133
164
247
343
201
169
309
327
149
354
356
358
361
277
277
70
118
201
297
405
534
652
688
719
737
742
748
753
757
757
100
152
248
356
485
603
639
670
688
693
699
704
708
708
124
179
287
416
534
570
601
619
624
630
635
639
639
129
274
333
594
487
518
536
541
547
552
556
556
195
406
465
517
559
440
445
451
456
460
460
211
320
372
414
447
457
467
348
352
352
47
144
201
225
334
186
213
344
195
89
640
666
695
711
715
719
724
728
728
171
174
206
88
179
206
337
354
448
633
659
688
704
708
712
717
721
721
98
150
79
169
197
327
345
439
623
649
678
694
698
702
707
711
711
80
189
212
223
307
327
508
603
629
658
674
678
682
687
691
691
64
154
179
263
353
464
559
585
614
630
634
638
643
647
647
145
203
219
309
420
515
541
570
586
590
594
599
603
603
113
230
248
359
454
666
509
525
529
533
538
542
542
117
174
386
513
553
592
623
631
638
643
649
652
167
354
396
436
475
506
514
521
526
532
535
187
362
408
353
384
392
399
404
410
413
46
183
198
217
320
168
189
303
307
451
516
540
566
581
585
588
591
595
595
167
171
198
301
161
224
296
300
444
509
533
559
574
578
581
584
588
588
96
143
246
152
215
287
292
435
500
524
550
565
569
572
575
579
579
75
178
134
197
269
340
417
482
506
532
547
551
554
557
561
561
40
93
156
228
299
376
441
465
491
506
510
513
516
520
520
137
180
282
259
336
401
425
451
466
470
473
476
480
480
98
200
206
405
495
533
567
597
605
611
614
620
623
102
200
307
397
435
469
499
507
513
516
522
525
138
276
406
450
367
397
539
545
414
420
423
138
268
312
269
299
401
407
316
322
325
45
175
186
202
296
118
85
262
270
328
373
388
407
416
418
506
508
512
512
154
235
183
277
111
82
255
263
321
366
381
400
409
411
499
501
505
505
88
131
225
105
76
249
257
315
360
375
394
403
405
493
495
499
499
70
164
294
139
235
244
365
422
440
462
472
476
479
481
485
485
37
86
139
197
260
327
384
402
424
434
438
441
443
447
447
130
159
243
223
290
347
365
387
397
401
404
406
410
410
81
165
254
241
298
459
338
513
521
527
529
534
537
84
264
268
499
378
408
432
440
446
448
453
456
126
248
361
398
437
465
477
483
485
491
494
122
235
272
235
339
351
357
359
365
368
41
195
249
185
271
386
77
224
44
56
62
64
69
71
71
438
440
444
444
145
217
168
254
369
133
219
224
56
313
64
342
351
353
433
435
439
439
79
119
205
320
128
214
219
54
308
62
337
346
348
428
430
434
434
65
151
266
118
203
209
259
298
310
327
410
414
417
419
423
423
86
74
116
167
222
281
329
344
364
374
378
381
383
387
387
115
83
134
189
248
296
311
331
341
345
348
350
354
354
70
93
28
207
255
270
290
300
304
307
309
313
313
74
232
165
213
228
248
258
262
265
267
271
271
108
212
309
342
197
407
419
425
427
433
436
104
201
174
202
226
234
240
242
247
250
35
176
229
169
245
347
67
183
106
43
48
50
54
56
56
368
370
374
374
133
202
153
229
331
139
179
105
43
48
50
54
357
361
364
366
370
370
73
106
182
284
134
174
100
41
46
48
52
352
356
359
361
365
365
56
132
234
124
164
208
119
304
316
333
342
346
349
351
355
355
76
96
96
136
180
233
276
288
305
314
318
321
323
327
327
102
113
174
152
205
248
260
277
286
290
293
295
299
299
57
118
180
171
214
226
243
252
256
259
261
265
265
109
204
299
387
417
209
478
490
496
498
504
507
95
190
278
308
342
369
381
387
389
395
398
95
183
213
180
274
286
292
294
300
303
