10
20
30
40
50
60
70
80
90
100
110
120
130
140
150
160
170
180
190
20
30
40
50
60
70
80
90
100
110
120
130
140
150
160
170
180
190
30
40
50
60
70
80
90
100
110
120
130
140
150
160
170
180
190
40
50
60
70
80
90
100
110
120
130
140
150
160
170
180
190
50
60
70
80
90
100
110
120
130
140
150
160
170
180
190
60
70
80
90
100
110
120
130
140
150
160
170
180
190
70
80
90
100
110
120
130
140
150
160
170
180
190
80
90
100
110
120
130
140
150
160
170
180
190
90
100
110
120
130
140
150
160
170
180
190
100
110
120
130
140
150
160
170
180
190
10
20
30
40
50
60
70
80
90
100
110
120
130
140
150
160
170
180
190
20
30
40
50
60
70
80
90
100
110
120
130
140
150
160
170
180
190
30
40
50
60
70
80
90
100
110
120
130
140
150
160
170
180
190
40
50
60
70
80
90
100
110
120
130
140
150
160
170
180
190
50
60
70
80
90
100
110
120
130
140
150
160
170
180
190
60
70
80
90
100
110
120
130
140
150
160
170
180
190
70
80
90
100
110
120
130
140
150
160
170
180
190
80
90
100
110
120
130
140
150
160
170
180
190
90
100
110
120
130
140
150
160
170
180
190
100
110
120
130
140
150
160
170
180
190
10
20
30
40
50
60
70
80
90
100
110
120
130
140
150
160
170
180
190
20
30
40
50
60
70
80
90
100
110
120
130
140
150
160
170
180
190
30
40
50
60
70
80
90
100
110
120
130
140
150
160
170
180
190
40
50
60
70
80
90
100
110
120
130
140
150
160
170
180
190
50
60
70
80
90
100
110
120
130
140
150
160
170
180
190
60
70
80
90
100
110
120
130
140
150
160
170
180
190
70
80
90
100
110
120
130
140
150
160
170
180
190
80
90
100
110
120
130
140
150
160
170
180
190
90
100
110
120
130
140
150
160
170
180
190
100
110
120
130
140
150
160
170
180
190
10
20
30
40
50
60
70
80
90
100
110
120
130
140
150
160
170
180
190
20
30
40
50
60
70
80
90
100
110
120
130
140
150
160
170
180
190
30
40
50
60
70
80
90
100
110
120
130
140
150
160
170
180
190
40
50
60
70
80
90
100
110
120
130
140
150
160
170
180
190
50
60
70
80
90
100
110
120
130
140
150
160
170
180
190
60
70
80
90
100
110
120
130
140
150
160
170
180
190
70
80
90
100
110
120
130
140
150
160
170
180
190
80
90
100
110
120
130
140
150
160
170
180
190
90
100
110
120
130
140
150
160
170
180
190
100
110
120
130
140
150
160
170
180
190
10
20
30
40
50
60
70
80
90
100
110
120
130
140
150
160
170
180
190
20
30
40
50
60
70
80
90
100
110
120
130
140
150
160
170
180
190
30
40
50
60
70
80
90
100
110
120
130
140
150
160
170
180
190
40
50
60
70
80
90
100
110
120
130
140
150
160
170
180
190
50
60
70
80
90
100
110
120
130
140
150
160
170
180
190
60
70
80
90
100
110
120
130
140
150
160
170
180
190
70
80
90
100
110
120
130
140
150
160
170
180
190
80
90
100
110
120
130
140
150
160
170
180
190
90
100
110
120
130
140
150
160
170
180
190
100
110
120
130
140
150
160
170
180
190
10
20
30
40
50
60
70
80
90
100
110
120
130
140
150
160
170
180
190
20
30
40
50
60
70
80
90
100
110
120
130
140
150
160
170
180
190
30
40
50
60
70
80
90
100
110
120
130
140
150
160
170
180
190
40
50
60
70
80
90
100
110
120
130
140
150
160
170
180
190
50
60
70
80
90
100
110
120
130
140
150
160
170
180
190
60
70
80
90
100
110
120
130
140
150
160
170
180
190
70
80
90
100
110
120
130
140
150
160
170
180
190
80
90
100
110
120
130
140
150
160
170
180
190
90
100
110
120
130
140
150
160
170
180
190
100
110
120
130
140
150
160
170
180
190
