46
230
382
471
665
822
1009
1177
615
702
803
854
894
928
950
970
983
985
987
233
379
468
695
820
1008
1176
615
702
803
854
894
928
950
970
983
985
987
298
214
659
479
590
1161
613
700
802
853
893
927
949
969
982
984
986
254
567
451
568
1111
601
696
798
849
889
923
945
965
978
980
982
478
697
930
1105
1265
687
1702
843
883
917
939
959
972
974
976
483
766
1008
1197
665
1268
827
868
902
924
944
957
959
961
602
887
1104
633
1605
802
844
878
900
920
933
935
937
626
955
568
1517
1273
799
833
855
875
888
890
892
376
480
1351
1166
738
772
599
815
828
830
832
706
1176
1350
865
917
948
973
989
991
993
45
219
356
449
597
436
513
920
476
524
569
593
617
630
643
648
654
654
655
220
353
446
595
434
512
919
622
524
569
593
617
630
643
648
654
654
655
283
395
568
425
505
570
474
522
568
592
616
629
642
647
653
653
654
244
502
404
490
559
610
522
568
592
616
629
642
647
653
653
654
447
627
764
873
599
519
566
592
616
629
492
647
653
653
654
459
669
842
952
511
562
590
615
628
851
859
868
868
653
533
750
894
1039
1179
1238
608
825
840
848
1075
1076
858
567
781
767
1147
1213
981
1012
1033
1043
1053
1054
1055
324
658
1061
877
925
957
981
991
1001
1002
1003
623
956
1084
1128
1170
1200
1211
1224
1226
1228
45
217
312
422
553
646
345
802
833
402
920
934
447
456
463
617
619
619
620
218
309
419
551
620
743
801
832
402
920
934
447
456
463
617
619
619
620
277
370
542
377
339
782
383
401
920
434
447
456
463
466
619
619
467
228
474
360
428
469
497
401
920
934
447
456
463
617
619
619
620
414
573
712
772
816
854
919
933
955
605
613
617
781
1000
783
429
622
749
808
864
913
951
975
970
983
1014
994
995
997
495
667
767
864
922
962
989
1012
1025
1031
1037
1038
1040
497
672
815
904
949
977
1000
1013
1019
1001
1002
1004
463
710
860
898
925
947
939
969
950
951
741
538
796
871
883
912
929
935
941
942
944
45
210
291
384
477
546
612
653
683
698
743
753
766
778
786
790
773
793
793
204
288
381
475
523
611
652
682
698
743
753
766
778
786
790
773
793
773
259
351
455
515
605
648
681
697
743
753
766
778
786
770
773
793
773
270
415
496
570
628
673
680
743
753
766
778
786
770
773
793
773
373
490
591
629
670
696
742
752
765
777
785
789
772
792
772
381
532
624
673
695
742
752
765
777
785
789
772
792
772
462
568
650
699
735
762
776
791
799
803
806
806
806
440
597
668
726
755
770
785
793
797
800
800
800
415
259
683
718
733
725
756
740
571
743
571
435
640
689
706
722
733
737
740
740
740
45
201
271
347
434
473
528
553
575
583
603
622
631
642
647
650
651
651
651
201
268
344
432
462
527
552
574
583
603
622
631
642
647
650
651
651
651
240
319
416
455
536
549
573
572
603
612
631
642
647
650
639
651
639
288
391
463
529
538
570
572
603
612
631
642
647
650
639
651
639
337
426
509
548
567
571
602
611
630
641
646
649
638
650
638
341
463
528
573
592
602
621
630
641
646
649
638
650
638
415
490
559
565
599
618
643
655
660
646
647
647
647
414
515
566
606
613
639
651
656
642
643
643
643
380
486
569
584
604
615
622
613
614
614
614
372
526
578
591
603
593
596
597
597
597
45
188
254
326
385
416
461
469
476
487
515
513
536
545
548
551
537
552
537
185
251
323
383
407
460
468
484
487
515
513
536
545
548
536
537
552
537
234
328
391
409
458
466
484
498
515
513
536
545
548
536
537
537
537
283
369
408
453
463
481
487
514
513
535
545
548
551
537
552
537
331
397
459
467
478
486
501
512
520
544
532
535
536
536
536
332
429
479
484
496
501
512
534
544
532
535
536
536
536
371
446
464
482
499
510
532
542
545
548
534
534
534
376
438
484
514
518
528
538
541
544
545
545
545
321
433
487
491
500
509
512
515
516
516
516
354
467
498
509
519
509
512
513
513
513
