39
196
109
75
107
134
166
199
228
167
193
202
213
214
221
225
227
228
229
196
107
74
106
133
166
199
228
215
193
202
213
280
221
225
227
228
229
125
159
164
128
162
197
227
214
193
202
273
279
287
293
295
297
298
165
90
120
158
193
188
214
193
202
213
214
221
225
227
228
229
152
103
145
183
180
164
190
199
210
211
218
222
224
225
226
65
98
165
166
155
182
191
203
204
211
215
217
218
219
139
178
157
150
178
187
199
200
207
211
213
214
215
117
101
140
172
181
193
194
201
205
207
208
209
55
113
125
162
174
175
182
186
188
189
190
146
247
271
294
311
324
266
268
270
271
39
180
146
71
96
119
142
164
153
136
147
150
157
158
89
90
90
90
91
181
144
70
95
118
142
164
153
136
147
150
157
158
162
90
163
90
91
121
151
90
113
138
162
152
168
147
150
157
158
162
90
163
163
164
159
80
106
135
159
151
168
147
150
157
158
89
90
90
90
91
142
92
125
152
146
136
81
84
130
45
45
90
59
90
59
101
90
141
109
133
55
44
45
45
45
46
46
46
46
126
155
132
185
209
213
225
155
159
88
88
88
89
106
87
123
76
143
219
152
156
85
85
85
86
47
101
185
191
204
115
40
41
41
41
41
102
250
212
228
237
246
197
197
197
198
39
178
142
103
79
97
113
125
131
136
142
142
148
131
134
135
135
135
136
179
140
102
78
96
113
125
131
136
142
142
148
131
134
135
135
135
136
119
138
178
92
110
124
131
136
142
142
148
152
155
135
135
135
136
147
161
87
109
123
130
136
125
125
148
131
134
106
106
106
107
130
132
105
121
129
136
101
101
130
104
106
106
106
106
107
93
90
141
106
134
100
100
129
103
105
105
105
105
106
115
165
146
132
141
182
189
195
154
105
134
134
135
218
121
107
99
138
186
192
151
104
104
104
105
39
108
131
132
139
186
146
147
99
99
100
101
196
159
167
223
136
137
137
137
138
39
171
134
134
60
70
81
89
92
95
101
101
105
74
75
75
75
75
75
172
132
46
59
69
81
89
92
95
101
101
105
74
75
75
75
75
75
113
124
154
123
80
89
92
95
173
135
140
184
108
75
75
75
75
137
142
117
79
88
91
95
72
72
105
74
75
75
75
75
75
118
108
78
87
64
95
72
72
73
74
75
75
75
75
75
170
40
107
51
68
72
72
73
143
75
61
75
61
61
74
133
60
126
133
174
180
183
108
190
149
75
75
194
52
66
172
174
180
183
187
190
190
190
190
38
57
166
169
136
178
143
185
185
185
185
79
209
159
165
169
173
176
176
176
176
39
167
125
119
138
103
66
71
96
75
106
80
113
115
86
86
86
86
86
167
123
117
137
102
116
94
96
75
106
80
113
115
86
86
86
86
86
105
157
132
150
116
124
126
101
137
139
113
146
86
86
118
86
86
128
125
147
116
94
73
75
106
80
113
115
86
86
86
86
86
108
94
114
92
73
75
80
80
84
86
86
86
86
86
86
204
58
88
71
75
106
108
113
146
86
118
118
86
86
85
216
91
100
106
138
143
145
147
149
149
149
149
181
47
72
136
138
143
145
147
149
149
149
149
168
61
131
134
139
264
143
145
145
145
145
84
171
178
133
249
187
189
189
189
189
39
155
117
109
121
86
52
102
102
59
81
83
87
118
90
91
91
91
91
155
115
107
120
85
94
102
102
78
81
83
87
118
90
91
91
91
91
102
102
115
130
94
102
102
78
110
112
116
118
119
121
121
121
121
122
109
128
94
102
74
78
81
112
116
118
119
121
121
121
121
96
80
93
101
73
78
81
83
87
118
90
91
121
91
91
192
62
99
71
78
110
112
116
118
119
121
121
121
121
73
188
96
77
109
111
115
117
118
120
120
120
120
162
185
52
158
224
164
232
234
236
169
169
236
149
68
151
215
219
223
225
227
227
227
227
107
144
206
210
214
216
218
218
218
218
