62
208
249
371
505
618
138
78
150
535
803
854
894
928
950
970
983
985
987
202
246
368
503
616
138
78
150
167
803
854
894
928
950
970
983
985
987
162
270
473
479
109
77
150
534
802
853
893
927
949
969
982
984
986
254
426
563
336
77
149
532
798
849
889
923
945
965
978
980
982
329
494
417
501
142
523
790
843
883
917
939
959
972
974
976
293
358
462
553
507
772
827
868
902
924
944
957
959
961
265
401
507
633
747
802
844
878
900
920
933
935
937
275
415
568
697
756
799
833
855
875
888
890
892
290
480
828
693
738
772
795
815
828
830
832
331
705
802
865
683
706
726
989
741
743
61
193
188
344
456
544
142
112
122
524
569
593
617
630
643
648
654
654
655
193
185
277
454
542
142
112
122
524
569
593
617
630
643
648
654
654
655
121
255
347
425
138
111
122
522
568
592
616
629
642
647
653
653
654
244
394
506
117
110
121
522
568
592
616
629
642
647
653
653
654
307
447
356
414
457
519
566
592
616
629
642
647
653
653
654
271
311
389
438
511
562
590
615
628
641
646
652
652
653
235
345
409
496
554
582
608
621
634
639
645
645
646
249
347
461
534
566
593
606
619
624
630
630
631
248
399
494
529
558
571
585
590
596
596
597
292
574
480
510
524
538
543
549
549
550
61
191
182
259
411
386
345
366
384
402
420
434
447
456
463
466
466
466
467
185
179
256
409
384
345
366
384
402
420
434
447
456
463
466
466
466
467
151
236
309
377
250
362
383
401
420
434
447
456
463
466
466
466
467
228
280
360
330
356
377
401
420
434
447
456
463
466
466
466
467
284
327
316
350
374
400
420
434
447
456
463
466
466
466
467
255
281
333
362
397
419
433
446
455
462
465
465
465
466
216
298
339
387
415
429
443
452
459
462
462
462
463
218
290
363
406
423
437
446
453
456
456
456
457
216
324
385
404
419
428
436
439
439
439
440
242
462
377
392
402
410
413
413
413
414
61
184
210
289
359
409
276
290
300
310
324
333
340
345
350
353
353
353
353
178
207
286
357
322
276
290
300
310
324
333
340
345
350
353
353
353
353
145
218
273
317
272
287
299
309
324
333
340
345
350
353
353
353
353
210
249
303
264
281
293
309
324
333
340
345
350
353
353
353
353
205
277
255
277
292
309
324
333
340
345
350
353
353
353
353
170
231
268
287
309
324
333
340
345
350
353
353
353
353
184
246
273
303
321
330
338
343
348
351
351
351
351
259
247
291
318
328
336
341
346
349
349
349
349
257
259
406
313
433
326
332
335
335
335
335
196
375
502
513
308
314
317
537
537
317
60
173
160
214
250
278
233
242
248
255
265
270
275
279
282
284
284
284
284
173
157
211
248
276
233
242
248
255
265
270
275
279
282
284
284
284
284
105
157
238
272
230
239
247
254
265
270
275
279
282
284
284
284
284
197
221
265
226
237
245
254
265
270
275
279
282
284
284
284
284
187
246
220
235
244
254
265
270
275
279
282
284
284
284
284
155
200
229
240
254
265
270
275
279
282
284
284
284
284
165
216
232
250
263
268
273
277
280
282
282
282
282
238
216
242
261
267
272
276
279
281
281
281
281
225
215
559
439
447
453
460
462
462
462
462
391
554
563
575
574
581
584
585
585
585
60
167
184
196
221
246
265
209
211
217
224
306
311
235
237
239
239
239
239
161
146
193
219
244
264
209
211
217
224
227
311
235
237
239
239
239
239
129
148
212
241
198
207
211
217
224
227
311
235
237
239
239
239
239
185
199
236
195
205
209
217
224
227
231
235
237
239
239
239
239
171
221
190
204
208
217
224
227
311
235
237
239
239
239
239
192
178
200
205
217
224
227
311
235
237
239
239
239
239
147
188
197
213
222
225
309
233
235
237
237
237
237
162
185
207
220
224
306
232
234
236
236
236
236
149
189
497
491
500
500
503
385
385
385
385
354
509
544
509
519
522
525
527
498
498
