84
169
59
92
121
98
123
144
182
162
162
162
162
162
162
162
162
162
162
368
50
102
112
93
100
73
141
99
99
99
99
99
99
99
99
99
99
19
68
97
71
63
70
84
96
96
96
96
96
96
96
96
96
96
80
62
103
56
63
77
89
89
89
89
89
89
89
89
89
89
29
15
27
49
40
48
48
48
48
48
48
48
48
48
48
83
111
39
33
65
65
65
65
65
65
65
65
65
65
55
87
84
113
113
113
113
113
113
113
113
113
113
51
59
88
88
88
88
88
88
88
88
88
88
49
98
98
98
98
98
98
98
98
98
98
78
78
78
78
78
78
78
78
78
78
82
163
55
88
116
153
115
136
170
198
198
198
198
198
198
198
198
198
198
352
46
96
107
89
110
131
132
149
149
149
149
149
149
149
149
149
149
19
67
95
82
88
65
126
87
87
87
87
87
87
87
87
87
87
75
80
132
139
58
69
80
80
80
80
80
80
80
80
80
80
28
91
22
44
33
41
41
41
41
41
41
41
41
41
41
93
101
150
98
126
126
126
126
126
126
126
126
126
126
57
80
76
104
104
104
104
104
104
104
104
104
104
49
55
124
124
124
124
124
124
124
124
124
124
44
91
91
91
91
91
91
91
91
91
91
75
75
75
75
75
75
75
75
75
75
82
157
53
81
108
140
104
122
152
76
76
76
76
76
76
76
76
76
76
341
44
87
99
81
99
57
68
75
75
75
75
75
75
75
75
75
75
18
60
87
74
80
55
66
73
73
73
73
73
73
73
73
73
73
70
55
118
125
48
59
66
66
66
66
66
66
66
66
66
66
68
82
97
37
102
55
55
55
55
55
55
55
55
55
55
82
110
55
85
47
47
47
47
47
47
47
47
47
47
52
72
66
88
88
88
88
88
88
88
88
88
88
18
48
70
70
70
70
70
70
70
70
70
70
37
76
76
76
76
76
76
76
76
76
76
118
118
118
118
118
118
118
118
118
118
103
149
51
74
98
76
88
105
131
114
114
114
114
114
114
114
114
114
114
318
39
65
89
64
83
49
58
64
64
64
64
64
64
64
64
64
64
18
55
79
65
77
48
98
106
106
106
106
106
106
106
106
106
106
50
47
47
59
41
50
56
56
56
56
56
56
56
56
56
56
24
30
42
59
85
46
46
46
46
46
46
46
46
46
46
62
77
44
70
85
85
85
85
85
85
85
85
85
85
36
29
55
70
70
70
70
70
70
70
70
70
70
17
43
58
58
58
58
58
58
58
58
58
58
32
41
41
41
41
41
41
41
41
41
41
94
94
94
94
94
94
94
94
94
94
79
143
48
70
93
73
85
100
123
136
136
136
136
136
136
136
136
136
136
297
38
61
84
61
80
45
53
58
58
58
58
58
58
58
58
58
58
15
52
75
62
74
44
112
57
57
57
57
57
57
57
57
57
57
47
45
45
57
72
95
108
108
108
108
108
108
108
108
108
108
23
73
41
56
79
92
92
92
92
92
92
92
92
92
92
85
74
42
65
78
78
78
78
78
78
78
78
78
78
39
27
50
63
63
63
63
63
63
63
63
63
63
24
38
51
51
51
51
51
51
51
51
51
51
29
36
36
36
36
36
36
36
36
36
36
88
88
88
88
88
88
88
88
88
88
97
139
46
81
90
118
82
96
116
127
127
127
127
127
127
127
127
127
127
284
37
71
81
65
77
91
111
122
122
122
122
122
122
122
122
122
122
15
49
72
59
71
85
105
116
116
116
116
116
116
116
116
116
116
59
44
72
99
70
90
101
101
101
101
101
101
101
101
101
101
59
29
41
55
75
86
86
86
86
86
86
86
86
86
86
76
73
41
61
72
72
72
72
72
72
72
72
72
72
33
54
46
57
57
57
57
57
57
57
57
57
57
23
34
45
45
45
45
45
45
45
45
45
45
26
31
31
31
31
31
31
31
31
31
31
77
77
77
77
77
77
77
77
77
77
