29
236
302
20
20
32
43
23
36
49
56
60
63
64
64
64
64
64
64
176
264
17
17
29
41
23
36
101
56
60
63
64
64
64
64
64
64
153
14
14
26
38
23
36
98
56
60
63
64
64
64
64
64
64
63
8
20
15
21
34
47
54
58
61
62
62
62
62
62
62
39
16
13
19
32
45
52
56
59
60
60
60
60
60
60
28
24
17
30
43
50
54
57
58
58
58
58
58
58
18
14
27
78
47
51
54
55
55
55
55
55
55
77
34
60
75
82
89
92
92
92
92
92
92
37
58
76
83
90
80
80
80
80
80
80
49
81
57
64
111
112
114
117
118
118
36
144
292
20
19
24
41
50
29
89
101
105
112
114
114
114
114
114
114
171
256
17
16
22
39
48
29
87
99
103
110
112
112
112
112
112
112
148
14
13
19
36
45
29
84
96
100
107
109
109
109
109
109
109
80
7
13
30
17
27
35
42
43
101
103
103
103
103
103
103
44
44
26
15
25
33
40
41
44
44
44
44
44
44
44
61
23
14
24
32
39
40
43
43
43
43
43
43
43
17
11
21
65
77
81
88
90
90
90
90
90
90
68
14
48
60
64
71
73
73
73
73
73
73
22
39
61
65
72
74
74
74
75
75
75
111
168
190
214
227
229
231
236
239
239
35
142
287
23
18
23
38
47
59
74
83
87
94
96
96
96
96
96
96
167
252
20
15
25
36
45
57
72
81
85
92
94
94
94
94
94
94
145
17
12
22
33
42
54
69
78
82
89
91
91
91
91
91
91
75
57
12
27
14
20
63
72
76
83
85
85
85
85
85
85
33
76
24
13
19
60
69
73
80
82
82
82
82
82
82
53
21
12
18
57
66
70
77
79
79
79
79
79
79
17
9
36
51
60
64
71
73
73
73
73
73
73
72
21
185
237
258
279
291
293
294
297
300
300
22
129
181
202
223
235
237
238
241
244
244
77
142
166
192
207
175
214
179
182
182
35
208
270
202
27
20
31
40
48
60
66
68
73
75
75
75
75
75
75
154
235
183
12
18
29
38
46
58
64
66
71
73
73
73
73
73
73
134
131
9
15
26
35
43
55
61
63
68
70
70
70
70
70
70
70
51
92
22
31
39
51
57
59
64
66
66
66
66
66
66
37
71
19
8
11
48
54
56
61
63
63
63
63
63
63
130
17
8
11
46
52
54
59
61
61
61
61
61
61
16
20
8
40
46
48
53
55
55
55
55
55
55
58
105
163
208
223
242
251
253
254
256
259
259
8
113
158
173
192
201
203
204
206
209
209
67
124
142
164
174
178
181
183
187
187
41
195
249
185
12
16
31
36
44
56
62
64
69
71
71
71
71
71
71
145
217
168
11
16
30
36
44
56
62
64
69
71
71
71
71
71
71
120
30
57
91
28
34
42
54
60
62
67
69
69
69
69
69
69
65
69
81
24
30
38
50
56
58
63
65
65
65
65
65
65
33
74
18
8
11
47
53
55
60
62
62
62
62
62
62
41
16
8
11
45
51
53
58
60
60
60
60
60
60
15
20
8
42
48
50
55
57
57
57
57
57
57
51
7
31
180
39
44
218
220
221
223
226
226
9
38
46
49
34
174
176
177
179
182
182
59
107
101
118
127
129
130
132
135
135
35
176
229
169
11
13
21
28
33
43
48
50
54
56
56
56
56
56
56
196
202
153
20
13
21
28
33
43
48
50
54
56
56
56
56
56
56
111
9
18
74
19
26
31
41
46
48
52
54
54
54
54
54
54
56
56
90
15
22
27
37
42
44
48
50
50
50
50
50
50
28
62
13
20
25
35
40
42
46
48
48
48
48
48
48
102
11
18
23
33
38
40
44
46
46
46
46
46
46
12
15
20
30
35
37
41
43
43
43
43
43
43
40
12
22
27
29
33
178
180
181
183
186
186
5
15
20
22
26
145
147
148
150
153
153
53
78
87
101
109
111
112
114
117
117
