97
343
302
354
360
518
287
383
491
620
738
774
805
823
828
834
839
843
843
258
264
325
340
498
279
375
483
612
730
766
797
815
820
826
831
835
835
101
161
281
439
268
364
472
601
719
755
786
804
809
815
820
824
824
89
209
367
357
486
451
580
698
734
765
783
788
794
799
803
803
120
278
294
423
405
534
652
688
719
737
742
748
753
757
757
158
224
353
356
485
603
639
670
688
693
699
704
708
708
124
253
287
416
534
570
601
619
624
630
635
639
639
129
274
333
594
646
688
536
541
547
552
556
556
195
406
465
517
559
440
445
451
456
460
460
211
320
372
414
447
337
343
348
352
352
91
342
292
336
334
479
260
344
434
545
640
666
695
711
715
719
724
728
728
251
256
309
315
460
253
337
427
538
633
659
688
704
708
712
717
721
721
98
150
259
404
370
327
417
528
623
649
678
694
698
702
707
711
711
80
189
334
325
442
564
711
838
878
917
674
678
682
687
691
691
109
254
267
384
353
464
559
820
859
630
634
638
643
647
647
145
203
320
309
420
716
756
795
586
590
594
599
603
603
113
230
248
359
626
666
705
525
529
533
538
542
542
117
239
386
513
553
592
623
631
638
464
468
468
167
354
529
575
475
506
514
521
526
532
535
187
362
408
353
384
392
399
404
410
413
89
336
287
325
320
457
231
303
374
451
516
540
566
581
585
588
591
595
595
257
252
298
301
438
224
296
367
444
509
533
559
574
578
581
584
588
588
96
143
246
383
337
287
358
435
500
524
550
565
569
572
575
579
579
75
178
315
294
396
494
601
482
729
763
547
551
554
557
561
561
103
240
239
341
299
376
441
465
491
506
510
513
516
520
520
137
180
282
380
487
401
615
649
466
470
473
476
480
480
98
200
298
405
348
533
567
413
417
420
423
427
427
102
200
307
397
435
469
350
354
357
360
364
364
138
276
406
450
367
397
405
411
288
292
292
138
268
312
269
299
307
313
316
322
325
87
315
270
305
296
426
204
262
325
392
449
467
489
499
503
506
508
512
512
238
235
278
277
407
197
255
318
385
442
460
482
492
496
499
501
505
505
134
131
225
355
302
249
312
379
436
454
476
486
490
493
495
499
499
70
164
294
265
349
438
365
422
440
462
472
476
479
481
485
485
94
224
213
297
260
327
384
402
424
434
438
441
443
447
447
130
159
243
332
290
347
365
387
397
401
404
406
410
410
81
165
254
241
298
316
338
348
352
355
357
361
361
84
173
268
245
263
285
295
299
302
304
308
308
126
248
361
398
192
201
477
244
246
250
250
122
235
272
235
174
178
181
183
187
187
129
340
329
280
271
386
173
224
279
338
386
330
347
356
435
438
440
444
444
258
217
256
254
369
168
219
274
333
381
396
342
426
430
433
435
439
439
120
119
205
320
163
214
269
328
376
320
337
346
348
428
430
434
434
65
151
266
234
203
258
317
365
380
327
410
414
417
419
423
423
86
201
186
167
222
281
329
344
364
374
378
381
383
387
387
115
138
134
189
248
296
311
331
341
345
348
350
354
354
70
93
148
207
255
270
246
300
304
307
309
313
313
74
106
165
213
192
209
258
262
265
267
271
271
108
212
309
342
165
174
176
214
216
182
182
104
201
122
142
152
156
159
161
165
165
121
308
229
255
245
347
472
183
227
280
260
156
54
56
56
368
370
374
374
258
202
234
229
331
456
179
223
276
319
155
279
287
56
364
366
370
370
73
106
182
284
222
174
218
271
251
48
52
54
54
359
361
365
365
56
132
234
193
254
316
261
304
44
48
50
346
349
351
355
355
76
178
153
214
180
233
276
288
305
314
318
321
323
327
327
102
113
174
152
205
248
260
277
286
290
293
295
299
299
57
74
118
171
35
37
41
43
256
259
261
265
265
109
204
64
27
29
33
35
35
225
227
231
231
95
190
278
308
342
369
381
387
389
395
398
95
183
213
125
134
138
141
143
147
147
