106
295
52
100
106
144
191
227
164
191
191
191
191
191
191
191
191
191
191
326
43
88
97
135
182
218
159
186
186
186
186
186
186
186
186
186
186
18
58
84
62
169
205
152
179
179
179
179
179
179
179
179
179
179
78
75
125
180
175
228
161
161
161
161
161
161
161
161
161
161
78
64
111
147
115
142
142
142
142
142
142
142
142
142
142
66
131
152
98
125
125
125
125
125
125
125
125
125
125
81
102
136
186
186
186
186
186
186
186
186
186
186
93
75
117
117
117
117
117
117
117
117
117
117
46
156
156
156
156
156
156
156
156
156
156
144
144
144
144
144
144
144
144
144
144
104
289
50
97
103
138
180
215
155
181
181
181
181
181
181
181
181
181
181
314
41
85
94
129
171
206
150
176
176
176
176
176
176
176
176
176
176
18
71
82
61
159
194
143
169
169
169
169
169
169
169
169
169
169
74
109
119
169
165
213
151
151
151
151
151
151
151
151
151
151
71
20
133
137
106
132
132
132
132
132
132
132
132
132
132
62
121
142
90
116
116
116
116
116
116
116
116
116
116
81
142
125
173
173
173
173
173
173
173
173
173
173
88
69
110
110
110
110
110
110
110
110
110
110
66
146
146
146
146
146
146
146
146
146
146
158
158
158
158
158
158
158
158
158
158
79
281
48
89
96
125
164
196
141
162
162
162
162
162
162
162
162
162
162
303
264
77
87
116
196
187
136
157
157
157
157
157
157
157
157
157
157
17
63
75
65
143
100
129
150
150
150
150
150
150
150
150
150
150
70
103
105
151
148
190
133
133
133
133
133
133
133
133
133
133
69
53
119
124
95
116
116
116
116
116
116
116
116
116
116
52
106
126
80
101
101
101
101
101
101
101
101
101
101
73
71
113
85
85
85
85
85
85
85
85
85
85
32
61
95
95
95
95
95
95
95
95
95
95
57
120
120
120
120
120
120
120
120
120
120
122
122
122
122
122
122
122
122
122
122
98
268
28
67
88
116
148
99
125
139
139
139
139
139
139
139
139
139
139
281
246
71
79
66
139
94
120
134
134
134
134
134
134
134
134
134
134
17
48
69
60
129
88
114
128
128
128
128
128
128
128
128
128
128
65
59
97
135
131
97
111
111
111
111
111
111
111
111
111
111
60
49
81
110
82
96
96
96
96
96
96
96
96
96
96
50
114
89
69
83
83
83
83
83
83
83
83
83
83
61
61
54
68
68
68
68
68
68
68
68
68
68
29
54
55
55
55
55
55
55
55
55
55
55
51
58
58
58
58
58
58
58
58
58
58
129
129
129
129
129
129
129
129
129
129
76
259
27
64
84
112
140
94
117
129
129
129
129
129
129
129
129
129
129
262
235
68
75
64
131
89
112
124
124
124
124
124
124
124
124
124
124
15
46
66
58
70
83
106
118
118
118
118
118
118
118
118
118
118
62
58
96
130
121
90
102
102
102
102
102
102
102
102
102
102
64
48
76
52
75
87
87
87
87
87
87
87
87
87
87
50
109
40
63
75
75
75
75
75
75
75
75
75
75
54
52
48
60
60
60
60
60
60
60
60
60
60
13
49
73
73
73
73
73
73
73
73
73
73
46
53
53
53
53
53
53
53
53
53
53
91
91
91
91
91
91
91
91
91
91
92
246
268
75
81
109
137
90
110
120
120
120
120
120
120
120
120
120
120
249
228
111
72
100
128
85
105
115
115
115
115
115
115
115
115
115
115
136
100
63
91
119
79
99
109
109
109
109
109
109
109
109
109
109
57
110
94
128
119
148
95
95
95
95
95
95
95
95
95
95
58
48
76
99
71
81
81
81
81
81
81
81
81
81
81
46
72
39
59
69
69
69
69
69
69
69
69
69
69
51
51
44
54
54
54
54
54
54
54
54
54
54
19
45
67
67
67
67
67
67
67
67
67
67
29
48
48
48
48
48
48
48
48
48
48
80
80
80
80
80
80
80
80
80
80
