21
22
34
34
34
34
36
34
34
35
35
35
35
35
35
35
35
35
35
18
24
34
35
35
36
36
35
35
35
35
35
35
35
35
35
35
35
34
34
35
35
36
36
35
35
35
35
35
35
35
35
35
35
35
28
32
32
32
36
35
36
36
36
36
36
36
36
36
36
36
32
32
32
34
34
35
35
35
35
35
35
35
35
35
35
30
30
34
34
34
34
34
34
34
34
34
34
34
34
29
32
34
34
34
34
34
34
34
34
34
34
34
28
34
34
34
34
34
34
34
34
34
34
34
31
30
30
30
30
30
30
30
30
30
30
29
29
29
29
29
29
29
29
29
29
21
22
32
32
32
34
34
34
34
35
35
35
35
35
35
35
35
35
35
18
24
32
32
35
36
34
35
35
35
35
35
35
35
35
35
35
35
34
34
35
35
36
34
35
35
35
35
35
35
35
35
35
35
35
28
32
32
32
32
35
36
36
36
36
36
36
36
36
36
36
27
32
32
32
34
35
35
35
35
35
35
35
35
35
35
30
30
31
34
34
34
34
34
34
34
34
34
34
34
28
30
34
34
34
34
34
34
34
34
34
34
34
32
34
34
34
34
34
34
34
34
34
34
34
31
30
30
30
30
30
30
30
30
30
30
29
29
29
29
29
29
29
29
29
29
22
22
32
32
32
32
34
34
34
35
35
35
35
35
35
35
35
35
35
17
24
31
32
32
32
34
34
35
35
35
35
35
35
35
35
35
35
34
34
32
34
36
34
34
35
35
35
35
35
35
35
35
35
35
28
32
31
31
32
34
36
36
36
36
36
36
36
36
36
36
27
31
31
32
34
35
35
35
35
35
35
35
35
35
35
30
30
32
34
34
34
34
34
34
34
34
34
34
34
28
30
34
34
34
34
34
34
34
34
34
34
34
32
33
34
34
34
34
34
34
34
34
34
34
30
30
30
30
30
30
30
30
30
30
30
27
27
27
27
27
27
27
27
27
27
21
22
34
34
32
32
34
34
34
34
34
34
34
34
34
34
34
34
34
16
24
34
32
32
34
34
34
34
34
34
34
34
34
34
34
34
34
34
34
32
34
34
34
34
34
34
34
34
34
34
34
34
34
34
28
32
31
32
32
34
34
34
34
34
34
34
34
34
34
34
32
31
32
32
34
34
34
34
34
34
34
34
34
34
34
29
29
32
34
34
34
34
34
34
34
34
34
34
34
28
32
34
34
34
34
34
34
34
34
34
34
34
32
34
34
34
34
34
34
34
34
34
34
34
31
34
34
34
34
34
34
34
34
34
34
26
26
26
26
26
26
26
26
26
26
21
22
34
34
32
32
34
34
34
34
34
34
34
34
34
34
34
34
34
16
24
35
32
32
34
34
34
34
34
34
34
34
34
34
34
34
34
34
34
34
34
34
34
34
34
34
34
34
34
34
34
34
34
34
28
32
31
32
32
34
34
34
34
34
34
34
34
34
34
34
27
31
31
32
34
34
34
34
34
34
34
34
34
34
34
27
29
32
34
34
34
34
34
34
34
34
34
34
34
28
32
34
34
34
34
34
34
34
34
34
34
34
32
34
34
34
34
34
34
34
34
34
34
34
30
34
34
34
34
34
34
34
34
34
34
26
26
26
26
26
26
26
26
26
26
21
22
24
28
32
32
32
34
34
34
34
34
34
34
34
34
34
34
34
16
24
28
32
32
32
34
34
34
34
34
34
34
34
34
34
34
34
34
28
32
32
32
34
34
34
34
34
34
34
34
34
34
34
34
27
28
31
31
32
34
34
34
34
34
34
34
34
34
34
34
26
31
31
32
34
34
34
34
34
34
34
34
34
34
34
28
30
32
34
34
34
34
34
34
34
34
34
34
34
28
32
34
34
34
34
34
34
34
34
34
34
34
32
34
34
34
34
34
34
34
34
34
34
34
31
34
34
34
34
34
34
34
34
34
34
26
26
26
26
26
26
26
26
26
26
