46
202
327
231
309
382
468
537
467
535
803
854
894
928
950
970
983
985
987
202
324
229
308
381
468
537
467
535
803
854
894
928
950
970
983
985
987
255
214
295
372
461
532
356
534
611
853
893
927
949
969
982
984
986
206
265
451
446
520
459
532
609
849
889
923
945
965
978
980
982
456
494
417
501
336
523
790
843
883
917
939
959
972
974
976
356
456
462
314
507
772
827
868
902
924
944
957
959
961
528
401
507
633
747
802
844
878
900
920
933
935
937
608
415
568
697
756
799
833
855
875
888
890
892
290
480
631
693
738
772
795
815
828
830
832
331
531
602
648
683
706
726
739
741
743
45
193
311
221
285
341
397
440
476
402
569
593
617
630
643
648
654
654
655
193
308
219
284
340
397
440
476
402
569
593
617
630
643
648
654
654
655
247
204
271
331
390
435
474
401
568
592
616
629
642
647
653
653
654
244
245
404
379
427
466
522
568
592
616
629
642
647
653
653
654
425
358
461
414
457
519
566
592
616
629
642
647
653
653
654
331
403
389
438
511
562
590
615
628
641
646
652
652
653
481
345
409
496
554
582
608
621
634
639
645
645
646
540
347
461
534
566
593
606
619
624
630
630
631
248
399
494
529
558
571
585
590
596
596
597
292
436
480
510
524
538
543
549
549
550
45
191
304
205
255
304
345
366
384
402
420
434
447
456
463
466
466
466
467
185
301
203
254
303
345
366
384
402
420
434
447
456
463
466
466
466
467
247
190
243
296
339
362
383
401
420
434
447
456
463
466
466
466
467
228
219
360
330
356
377
401
420
434
447
456
463
466
466
466
467
396
411
411
350
374
400
420
434
447
456
463
466
466
466
467
314
366
437
362
397
419
433
446
455
462
465
465
465
466
463
622
339
387
415
429
443
452
459
462
613
462
463
483
290
363
406
558
576
446
598
602
604
604
605
216
324
385
535
419
428
580
584
586
586
587
403
747
499
518
534
545
549
551
551
552
45
184
284
369
224
253
276
290
300
232
324
333
340
345
350
353
353
353
353
178
281
286
223
252
276
290
300
232
324
333
340
345
350
353
353
353
353
232
264
214
247
272
287
299
232
324
333
340
345
350
353
353
353
353
210
195
235
264
281
293
309
324
333
340
345
350
353
353
353
353
349
277
255
277
292
309
324
333
340
345
350
353
353
353
353
358
307
582
287
309
324
333
340
345
350
353
353
353
353
416
539
273
303
321
330
338
343
348
351
351
351
351
433
247
291
318
328
336
341
346
349
349
349
349
192
259
301
313
321
326
332
335
335
335
335
196
277
294
302
308
314
317
317
317
317
45
179
264
335
401
278
233
242
248
255
265
270
275
279
282
284
284
284
284
173
261
332
399
276
308
324
248
255
265
270
275
279
282
284
284
284
284
213
308
384
272
305
321
247
254
265
270
275
279
282
284
284
284
284
197
361
265
300
319
245
254
265
270
275
279
282
284
284
284
284
323
397
293
316
244
254
265
270
275
279
282
284
284
284
284
321
269
494
240
254
265
270
275
279
282
284
284
284
284
371
459
232
250
263
268
273
277
280
282
282
282
282
396
488
242
261
267
272
276
279
281
281
281
281
168
215
247
255
260
264
267
269
269
269
269
165
228
537
548
249
349
351
351
254
254
45
161
248
307
370
395
429
446
211
217
224
227
231
235
237
239
239
239
239
161
239
304
363
393
443
445
211
217
224
227
231
235
237
239
239
239
239
207
289
357
389
426
443
211
217
224
227
231
235
237
239
239
239
239
239
325
380
259
441
209
217
224
227
231
235
237
239
239
239
239
308
366
408
435
208
217
224
227
231
235
237
239
239
239
239
308
401
447
205
217
224
227
231
235
237
239
239
239
239
354
417
438
213
222
225
229
233
235
237
237
237
237
364
424
207
473
486
495
503
506
509
316
236
316
149
189
210
291
219
303
305
227
227
227
227
327
428
464
210
482
295
297
297
297
297
