46
219
342
231
309
382
468
537
615
702
803
854
894
928
950
970
983
985
987
224
339
229
308
381
468
537
615
702
803
854
894
928
950
970
983
985
987
266
214
295
372
461
532
613
700
802
853
893
927
949
969
982
984
986
254
339
451
568
520
601
696
798
849
889
923
945
965
978
980
982
478
664
531
501
586
687
790
843
883
917
939
959
972
974
976
463
565
956
553
507
772
827
868
902
924
944
957
959
961
558
839
507
633
747
802
844
878
900
920
933
935
937
617
415
568
697
756
799
833
855
875
888
890
892
290
480
631
693
738
772
795
815
828
830
832
331
531
602
648
683
706
726
739
741
743
45
199
319
434
575
436
397
440
476
524
569
593
617
630
643
648
654
654
655
213
316
431
573
434
397
440
476
524
569
593
617
630
643
648
654
654
655
252
312
271
331
390
435
474
522
568
592
616
629
642
647
653
653
654
244
314
404
490
427
466
522
568
592
616
629
642
647
653
653
654
425
447
461
414
457
519
566
592
616
629
642
647
653
653
654
429
403
507
438
511
562
590
615
628
641
646
652
652
653
504
712
409
496
554
582
608
621
634
639
645
645
646
550
347
461
534
566
593
606
619
624
837
630
631
324
399
494
699
558
571
780
788
797
797
798
292
922
637
510
524
720
728
737
737
738
45
197
312
407
521
304
345
366
384
402
420
434
447
456
463
466
466
466
467
211
309
404
519
303
345
366
384
402
420
434
447
456
463
466
466
466
467
247
292
243
296
339
362
383
401
420
434
447
456
463
466
466
466
467
228
219
360
330
356
377
401
420
434
447
456
463
466
466
466
467
414
411
411
461
374
400
420
434
447
456
463
466
466
466
467
417
582
712
362
397
419
433
446
455
462
465
617
465
466
470
634
733
387
415
429
443
452
607
611
613
613
614
490
642
363
865
706
576
590
753
758
761
762
763
216
324
642
535
554
569
580
584
739
586
587
513
762
816
842
534
545
688
691
692
693
45
190
291
369
458
253
276
627
300
310
324
333
340
345
350
353
353
353
353
195
281
366
456
252
276
626
300
310
324
333
340
345
350
353
353
353
353
232
338
438
247
272
287
299
309
324
333
340
345
350
353
353
353
353
210
195
303
264
281
293
309
324
333
340
345
350
353
353
353
353
373
455
336
604
292
309
324
333
340
345
350
353
353
353
353
373
522
593
634
309
324
333
340
345
350
353
353
353
353
416
551
626
303
703
330
338
343
348
351
351
351
351
440
577
291
694
721
735
341
346
349
349
349
349
192
259
301
313
321
326
332
335
335
335
335
196
612
675
692
685
696
317
428
428
428
45
194
264
347
416
448
501
536
542
255
265
270
275
279
282
284
284
284
284
195
261
344
414
446
500
535
541
255
265
270
275
279
282
284
284
284
284
217
319
398
440
305
520
247
254
265
270
275
279
282
284
284
284
284
253
375
429
300
518
245
254
265
270
275
279
282
284
284
284
284
337
410
491
521
244
254
265
270
275
279
282
284
284
284
284
341
454
517
542
254
265
270
275
279
282
284
284
284
284
397
476
529
250
574
591
600
609
614
282
282
282
282
396
507
242
567
586
613
622
610
613
614
614
614
225
215
545
255
260
362
368
370
370
370
370
286
504
553
575
574
564
567
568
568
351
45
172
248
319
377
395
444
462
469
468
483
227
231
235
237
239
239
239
239
185
245
316
368
393
443
461
468
217
483
227
231
235
237
239
239
239
239
211
300
357
389
441
459
457
217
224
227
231
235
237
239
239
239
239
249
343
380
437
441
455
217
224
227
231
235
237
239
239
239
239
321
379
429
451
452
217
224
227
231
235
319
239
239
239
239
317
409
456
466
467
482
493
501
509
512
239
239
239
239
371
425
456
463
480
491
499
507
510
513
237
514
319
364
432
447
492
505
514
523
526
529
521
521
521
149
189
457
472
481
489
492
307
307
307
307
334
437
472
482
491
485
488
489
489
489
