39
90
150
68
37
56
111
131
105
96
82
87
93
94
96
98
98
99
100
87
148
74
37
81
111
131
88
96
82
87
93
94
96
98
98
99
100
125
68
35
110
109
130
105
96
82
87
93
94
96
98
98
99
100
49
34
39
108
129
105
96
82
87
93
94
96
98
98
99
100
46
32
70
86
100
94
80
85
91
92
94
96
96
97
98
65
75
89
108
89
80
85
91
92
94
96
96
97
98
77
126
121
104
78
104
110
111
92
116
116
117
96
87
101
64
73
78
84
85
87
89
89
90
91
55
39
44
72
78
79
81
83
83
84
85
46
55
78
84
85
70
72
72
73
74
39
90
146
71
42
74
85
78
84
78
65
67
71
72
72
73
73
73
74
87
144
70
60
73
85
78
84
64
65
67
71
72
72
73
73
73
74
121
64
39
98
83
77
84
64
65
67
71
72
72
73
73
73
74
46
32
67
66
77
84
64
65
67
71
72
72
73
73
73
74
41
59
62
74
81
78
65
67
71
72
72
73
73
73
74
61
62
66
75
64
65
67
71
72
72
73
73
73
74
55
88
87
61
63
65
69
70
70
71
71
71
72
79
87
48
60
62
66
67
67
68
68
68
55
40
35
38
58
40
40
40
41
41
41
41
45
48
51
70
56
56
57
57
57
35
39
88
142
60
50
86
70
77
63
84
57
57
58
59
59
59
59
59
60
85
140
59
72
85
70
77
63
84
57
57
58
59
59
59
59
59
60
119
54
69
82
68
76
63
84
57
57
58
59
59
59
59
59
60
38
42
77
45
59
63
84
57
57
58
59
59
59
59
59
60
36
35
52
59
63
84
69
57
58
89
59
59
59
59
60
198
54
67
84
82
69
69
87
88
59
59
59
59
60
44
72
81
81
69
69
87
88
59
59
59
59
60
63
66
76
56
56
86
87
88
58
58
58
59
57
66
52
53
81
82
55
55
55
55
56
50
72
60
76
77
52
52
52
52
53
39
111
134
134
54
62
48
53
42
57
59
59
60
61
61
61
61
48
48
83
132
46
53
61
48
53
42
57
59
59
60
61
61
61
61
39
39
145
124
57
67
48
53
42
68
59
59
60
61
61
61
61
61
61
137
48
64
48
53
42
68
59
59
60
61
61
61
61
61
61
41
53
38
41
42
57
59
59
60
61
61
61
61
61
61
170
40
48
61
68
59
59
60
61
61
61
61
61
61
184
55
60
67
59
59
60
61
61
61
61
61
61
52
64
66
59
174
180
183
61
61
61
61
61
104
143
166
169
175
178
182
185
185
185
185
104
153
159
165
169
173
176
176
176
176
39
85
125
119
49
57
50
53
55
57
80
49
50
51
51
51
51
51
51
82
123
117
48
56
66
53
55
57
60
49
50
51
51
51
51
51
51
161
110
47
55
66
53
55
75
80
80
50
146
148
51
150
51
51
91
45
54
43
46
55
68
80
80
50
146
51
51
51
51
51
147
51
42
34
55
57
137
139
50
146
148
150
150
150
150
155
200
43
53
75
137
139
144
146
148
150
150
150
150
165
66
52
56
136
138
143
145
147
149
149
149
149
53
56
65
136
138
143
145
147
149
149
149
149
168
112
131
134
139
194
196
198
198
198
198
84
123
128
133
135
137
139
139
139
139
39
79
117
109
27
48
52
52
44
59
110
112
116
118
119
121
121
121
121
76
115
107
41
47
52
57
44
59
110
112
116
118
119
121
121
121
121
155
102
115
46
52
57
44
107
110
112
116
118
119
121
121
121
121
85
38
45
52
57
57
107
110
112
116
118
119
121
121
121
121
134
169
35
38
44
107
110
112
116
118
119
121
121
121
121
146
49
99
99
107
110
112
116
118
119
121
121
121
121
147
137
96
105
109
111
115
167
118
120
120
120
120
80
90
103
109
160
164
166
167
169
169
169
169
149
95
151
153
157
159
160
162
162
162
162
107
144
149
153
155
156
158
158
158
158
