51
196
150
231
309
287
138
166
190
215
193
202
274
280
288
294
296
298
299
190
148
229
308
286
138
166
190
215
193
202
274
280
288
294
296
298
299
125
214
295
372
346
164
189
214
193
202
273
279
287
293
295
297
298
206
339
351
336
163
188
167
193
202
411
428
287
293
295
297
298
262
309
417
379
180
164
190
199
210
276
284
290
292
294
295
293
358
137
128
155
182
191
203
204
211
215
217
218
219
265
224
121
150
178
187
199
200
272
211
213
214
283
275
415
434
532
181
193
194
201
205
207
208
209
290
363
631
693
738
772
795
815
828
830
832
248
531
602
648
683
706
726
739
741
743
50
187
146
221
285
256
219
252
153
136
147
150
229
200
205
207
207
207
208
181
144
219
284
255
219
252
153
136
147
150
229
200
205
207
207
207
208
121
204
271
247
215
250
152
136
147
150
228
158
162
163
163
163
207
198
245
314
286
245
151
136
147
150
228
158
162
163
163
163
164
245
278
268
315
264
136
147
150
157
158
162
163
163
163
164
271
311
221
109
133
145
148
156
157
161
162
162
162
163
235
345
409
130
420
146
154
155
159
160
160
160
161
249
347
353
406
566
452
462
473
478
157
157
158
248
302
494
529
558
571
585
590
452
596
597
218
436
480
510
524
538
543
549
549
550
50
183
142
205
255
223
255
274
287
175
182
142
191
251
257
260
260
260
261
177
140
203
254
222
255
274
287
175
182
142
191
251
257
260
260
260
261
119
236
309
216
250
271
287
175
312
142
191
251
257
260
260
260
261
183
280
281
244
268
284
175
312
142
191
251
257
347
260
260
261
226
255
235
350
281
136
101
142
148
197
155
260
156
156
157
255
281
333
362
173
181
141
190
196
202
155
155
155
156
216
298
339
287
415
233
328
334
254
343
257
257
258
218
290
271
406
423
437
329
335
338
104
104
105
216
241
385
404
419
428
436
439
325
325
326
177
350
377
392
402
410
413
413
413
414
50
176
134
237
287
253
204
290
300
310
324
333
340
345
260
263
263
263
263
170
132
185
285
252
204
290
300
310
324
333
340
345
260
263
263
263
263
113
218
273
247
201
287
299
232
324
333
340
345
260
263
263
263
263
210
249
303
264
281
293
309
324
333
340
345
260
263
263
263
263
205
277
255
277
292
309
324
333
340
345
260
263
263
263
263
223
173
268
287
309
324
333
340
345
350
353
263
263
263
184
246
273
303
321
330
338
343
348
351
261
261
261
194
247
291
318
328
336
341
346
349
349
349
349
192
259
301
313
321
326
332
335
335
335
335
196
277
294
302
308
314
317
317
317
317
50
167
125
169
250
278
233
242
248
255
265
270
275
279
282
284
284
284
284
161
123
167
248
276
233
242
248
255
265
270
275
279
282
284
284
284
284
105
197
238
272
230
239
247
254
265
270
275
279
282
284
284
284
284
160
221
265
226
237
245
254
265
270
275
279
282
284
284
284
284
187
246
220
235
244
254
265
270
275
279
282
284
284
284
284
204
200
229
240
254
265
270
275
279
282
284
284
284
284
165
216
232
250
263
268
273
277
280
282
282
282
282
181
216
242
261
267
272
276
279
281
281
281
281
168
215
247
255
260
264
267
269
269
269
269
165
228
240
245
249
252
254
254
254
254
50
161
117
155
221
246
200
209
211
217
224
227
231
235
237
239
239
239
239
155
115
153
219
244
200
209
211
217
224
227
231
235
237
239
239
239
239
102
148
212
241
198
207
211
217
224
227
231
235
237
239
239
239
239
152
199
236
195
205
209
217
224
227
231
235
237
239
239
239
239
171
221
190
204
208
217
224
227
231
235
237
239
239
239
239
192
178
200
205
217
224
227
231
235
237
239
239
239
239
147
188
197
213
222
225
229
233
235
237
237
237
237
162
185
207
220
224
228
232
234
236
236
236
236
149
189
210
215
219
223
225
227
227
227
227
147
197
206
210
214
216
218
218
218
218
