197
517
403
354
543
518
287
383
491
620
738
774
805
823
828
834
839
843
843
409
264
325
514
498
279
375
483
612
730
766
797
815
820
826
831
835
835
101
246
281
439
403
532
472
601
719
755
786
804
809
815
820
824
824
587
209
367
357
486
631
580
951
1003
765
783
788
794
799
803
803
756
278
294
423
405
534
652
688
719
737
742
748
753
757
757
873
224
353
498
485
603
870
670
688
693
699
704
708
708
124
253
287
416
534
570
601
619
624
630
635
639
639
129
274
333
594
646
518
536
541
547
552
556
556
195
313
465
517
559
440
445
451
456
460
460
211
416
372
414
447
457
467
348
352
352
188
533
292
336
509
733
260
344
434
545
640
666
695
711
715
719
724
728
728
391
256
309
482
460
253
337
427
538
633
659
688
704
708
712
717
721
721
98
233
406
404
370
487
417
528
623
649
678
694
698
702
707
711
711
589
308
334
525
442
564
711
838
878
917
674
678
682
687
691
691
740
1476
267
384
353
464
559
820
859
630
634
638
643
647
647
845
203
320
309
420
716
756
795
586
590
594
599
603
603
113
230
248
359
454
480
509
525
529
533
538
542
542
185
174
285
513
553
592
451
455
459
464
468
468
167
354
529
575
475
367
371
375
380
384
384
187
362
408
456
384
392
399
404
410
413
185
522
800
325
486
457
231
303
374
451
516
540
566
581
585
588
591
595
595
383
252
298
459
438
224
296
367
444
509
533
559
574
578
581
584
588
588
96
223
246
383
337
439
358
435
500
524
550
565
569
572
575
579
579
550
178
315
490
396
494
601
691
729
763
793
551
807
557
561
561
722
240
239
341
439
546
636
674
708
506
510
513
516
520
520
784
180
282
380
487
577
615
649
466
470
473
476
480
480
98
200
206
283
348
533
398
413
417
420
423
427
427
162
300
307
397
435
469
350
354
357
360
364
364
138
276
406
450
367
278
282
285
288
292
292
138
268
312
355
299
401
313
217
322
221
151
493
803
305
454
657
580
262
325
392
449
467
489
499
503
506
508
512
512
395
700
278
427
407
561
424
318
385
442
460
482
492
496
499
501
505
505
134
207
356
355
509
647
475
570
649
680
476
486
490
493
495
499
499
510
164
294
448
586
438
533
612
643
673
697
705
711
713
718
721
673
224
378
297
386
481
560
591
621
434
438
441
443
447
447
740
159
243
332
427
506
537
567
397
401
404
406
410
410
81
165
254
349
298
316
338
348
352
355
357
361
361
138
264
268
499
378
285
295
299
302
304
308
308
126
248
361
398
192
201
203
244
246
209
209
122
235
272
311
339
351
357
359
365
368
173
465
797
1232
1736
601
524
224
279
338
386
401
421
431
435
438
440
444
444
372
692
1134
1741
369
507
631
274
333
381
396
416
426
430
433
435
439
439
373
188
324
320
458
340
269
328
376
391
411
421
425
428
430
434
434
542
1086
266
404
308
383
463
365
380
400
410
414
417
419
423
423
652
1371
339
260
335
281
329
344
364
374
378
381
383
387
387
713
138
212
287
248
296
311
331
341
345
348
350
354
354
70
144
148
207
255
270
246
255
140
307
309
313
313
124
232
165
213
192
209
118
119
265
267
271
271
108
97
309
148
89
96
97
97
179
182
182
104
201
234
118
152
156
159
161
165
165
165
484
801
1133
1700
548
472
581
676
280
859
335
352
361
365
368
370
374
374
347
692
1106
1610
2332
456
565
660
755
843
331
348
357
361
364
366
370
370
362
785
1352
284
409
518
613
417
796
326
343
352
356
359
361
365
365
507
1012
1734
359
468
563
388
746
471
496
519
346
533
351
355
355
612
1289
303
412
507
348
407
431
305
314
318
321
323
327
327
722
227
336
431
308
248
260
277
286
290
293
295
299
299
57
118
180
171
214
186
74
78
79
259
261
265
265
109
204
299
387
417
62
478
490
496
227
231
231
95
190
278
308
342
369
381
387
389
395
398
95
183
213
247
274
286
292
294
300
303
