46
202
327
231
309
382
468
537
467
535
612
495
523
928
950
970
574
576
578
196
324
229
308
381
468
537
467
535
612
495
523
928
950
970
574
576
578
255
214
295
372
461
532
356
407
611
494
522
542
949
969
573
575
577
206
265
451
446
520
349
405
609
492
520
540
945
965
571
573
575
456
397
531
501
336
398
601
843
883
917
939
959
972
974
976
356
456
462
314
384
587
827
868
902
924
944
957
959
961
331
401
507
480
747
802
844
878
900
920
933
935
937
598
415
568
697
756
799
833
855
875
888
890
892
290
480
631
693
738
772
795
815
828
830
832
331
531
602
648
683
706
726
739
741
743
45
187
311
221
285
341
397
440
476
402
569
593
617
630
643
648
654
654
655
187
308
219
284
340
397
440
476
402
569
593
617
630
643
648
654
654
655
247
204
271
331
390
435
474
401
568
592
616
629
642
647
653
653
654
198
245
404
379
427
466
401
568
592
616
629
642
647
653
653
654
407
358
461
414
457
519
566
592
616
629
642
647
653
653
654
331
403
389
438
392
562
590
615
628
641
646
652
652
653
473
345
409
496
554
582
608
621
634
639
645
645
646
528
347
461
534
566
593
606
619
624
630
630
631
248
399
494
529
558
571
585
590
596
596
597
292
436
480
510
524
538
543
549
549
550
45
185
304
205
255
304
345
366
384
402
420
434
447
456
463
466
466
466
467
179
301
203
254
303
345
366
384
402
420
434
447
456
463
466
466
466
467
247
190
243
296
339
362
383
401
420
434
447
456
463
466
466
466
467
183
219
281
330
356
377
401
420
434
447
456
463
466
466
466
467
380
327
411
350
374
400
420
434
447
456
463
466
466
466
467
314
366
437
362
397
419
433
446
455
462
465
465
465
466
449
390
339
387
415
429
443
452
459
462
462
462
463
483
290
363
406
423
437
446
453
456
604
604
457
216
324
385
404
419
428
436
439
586
586
440
242
350
377
392
402
410
413
551
551
552
45
178
284
289
224
253
276
290
300
310
324
333
340
345
350
353
353
353
353
172
275
286
223
252
276
290
300
232
324
333
340
345
350
353
353
353
353
232
264
214
247
272
287
299
309
324
333
340
345
350
353
353
353
353
210
195
235
264
281
293
309
324
333
340
345
350
353
353
353
353
343
277
336
277
292
309
324
333
340
345
350
353
353
353
353
277
307
359
287
309
324
333
340
345
350
353
353
353
353
410
530
273
303
321
330
338
343
348
351
351
351
351
433
247
291
318
328
336
341
346
349
349
349
349
192
259
301
313
321
326
332
335
335
335
335
196
277
294
302
308
314
317
317
317
317
45
173
264
264
401
278
309
325
248
255
265
270
275
279
282
284
284
284
284
167
261
261
193
276
308
324
248
255
265
270
275
279
282
284
284
284
284
217
241
185
272
305
321
247
254
265
270
275
279
282
284
284
284
284
197
172
265
300
319
245
254
265
270
275
279
282
284
284
284
284
323
397
293
316
244
254
265
270
275
279
282
284
284
284
284
321
269
308
240
254
265
270
275
279
282
284
284
284
284
360
459
232
250
263
268
273
277
280
282
282
282
282
396
488
242
261
267
272
276
279
281
281
281
281
168
215
247
255
260
264
267
269
269
269
269
165
228
240
245
249
252
254
254
254
254
45
161
242
307
356
395
429
446
211
217
224
227
231
235
237
239
239
239
239
155
239
304
354
393
428
445
211
217
224
227
231
235
237
239
239
239
239
211
289
344
241
262
443
211
217
224
227
231
235
237
239
239
239
239
239
325
236
259
272
209
217
224
227
231
235
237
239
239
239
239
294
355
408
435
208
217
224
227
231
235
237
239
239
239
239
299
383
442
205
217
224
227
231
235
237
239
239
239
239
354
412
197
213
222
225
229
315
317
237
237
237
237
348
417
207
473
486
228
503
314
236
236
236
236
149
189
210
215
219
303
225
227
227
227
227
252
197
206
210
214
216
218
218
218
218
