7
11
21
23
23
24
26
26
26
26
26
26
26
26
26
26
26
26
26
10
22
23
23
24
26
26
26
26
26
26
26
26
26
26
26
26
26
23
23
24
24
25
25
26
26
26
26
26
26
26
26
26
26
26
14
24
24
25
25
25
26
25
25
26
26
26
26
26
26
26
15
24
25
25
26
26
26
26
26
26
26
26
26
26
26
18
25
25
25
26
26
25
26
26
26
26
26
26
26
25
25
26
26
26
26
26
26
26
26
26
26
26
25
25
26
25
25
26
26
26
26
26
26
26
24
25
25
25
25
26
26
26
26
26
26
24
24
25
25
25
25
25
26
26
26
7
10
22
23
23
23
26
26
26
26
26
26
26
26
26
26
26
26
26
10
22
23
23
24
26
26
26
26
26
26
26
26
26
26
26
26
26
23
23
23
24
25
25
26
26
26
26
26
26
26
26
26
26
26
13
23
24
24
25
25
25
25
25
25
26
26
26
26
26
26
14
18
25
25
26
26
26
25
25
26
26
26
26
26
26
16
25
25
26
26
25
25
25
26
26
26
26
26
26
25
25
26
26
26
26
26
26
26
26
26
26
26
24
26
26
25
25
25
26
26
26
26
26
26
24
24
24
24
25
26
26
26
26
26
26
24
24
24
24
25
25
25
25
25
25
7
10
14
23
23
24
26
26
26
26
26
26
26
26
26
26
26
26
26
10
22
23
23
24
26
26
26
26
26
26
26
26
26
26
26
26
26
23
23
24
24
25
25
26
26
26
26
26
26
26
26
26
26
26
13
24
24
24
25
25
25
25
25
25
25
26
25
26
26
26
13
24
25
25
25
25
25
25
25
26
26
26
26
26
26
18
25
25
25
25
25
25
25
26
26
26
26
26
26
25
25
26
26
26
25
26
26
26
26
26
26
26
24
24
25
25
25
25
26
26
26
26
26
26
24
24
24
24
25
26
26
26
26
26
26
24
24
24
24
25
24
25
26
25
26
9
10
13
23
23
23
24
26
26
26
26
26
26
26
26
26
26
26
26
9
13
23
23
24
24
25
26
26
26
26
26
26
26
26
26
26
26
22
23
23
24
24
24
25
25
25
25
26
26
26
26
26
26
26
13
24
24
24
24
25
25
25
25
25
25
25
25
25
25
25
13
24
24
25
25
25
25
25
25
26
26
26
26
26
26
18
25
25
25
25
25
25
25
26
26
26
26
26
26
25
25
25
25
26
26
26
26
26
26
26
26
26
24
24
25
24
25
26
26
26
26
26
26
26
24
24
24
24
27
27
27
26
26
27
27
24
24
24
24
24
24
24
24
24
24
7
10
12
13
14
23
24
26
26
26
26
26
26
26
26
26
26
26
26
9
12
13
13
24
24
24
26
26
26
26
26
26
26
26
26
26
26
13
23
23
24
24
25
26
26
26
26
26
26
26
26
26
26
26
11
13
24
24
25
25
25
26
26
26
26
26
26
26
26
26
11
13
24
25
25
26
26
26
26
26
26
26
26
26
26
15
25
25
25
26
26
26
26
26
26
26
26
26
26
25
25
26
26
26
26
27
27
29
26
26
26
26
24
24
26
26
27
27
29
29
26
26
26
26
24
27
24
27
29
29
29
29
27
27
27
24
24
24
27
26
26
26
26
26
26
7
9
11
13
13
23
24
24
24
26
24
26
26
26
26
26
26
26
26
9
11
12
13
13
24
24
24
24
24
26
26
26
26
26
26
26
26
12
13
13
24
24
24
24
25
24
26
26
26
26
26
26
26
26
11
13
13
24
24
24
25
24
25
25
25
26
25
26
26
26
11
13
24
24
24
25
25
25
26
26
26
26
26
26
26
13
24
24
24
25
26
26
26
26
26
26
26
26
26
25
25
25
26
26
27
31
31
31
26
26
26
26
24
24
24
24
24
31
24
24
24
26
26
26
24
24
24
24
24
24
24
24
24
24
24
24
24
24
24
24
24
24
24
24
24
